datename
170801
170802
170803
170804
170805
170806
170807
170808
170809
170810
170811
170812
170813
170814
170815
170816
170817
170818
170819
170820
170821
170822
170823
170824
170825
170826
170827
170828
170829
170830
170831
170901
170902
170903
170904
170905
170906
170907
170908
170909
170910
170911
170912
170913
170914
170915
170916
170917
170918
170919
170920
170921
170922
170923
170924
170925
170926
170927
170928
170929
170930
171001
171002
171003
171004
171005
171006
171007
171008
171009
171010
171011
171012
171013
171014
171015
171016
171017
171018
171019
171020
171021
171022
171023
171024
171025
171026
171027
171028
171029
171030
171031
171101
171102
171103
171104
171105
171106
171107
171108
171109
171110
171111
171112
171113
171114
171115
171116
171117
171118
171119
171120
171121
171122
171123
171124
171125
171126
171127
171128
171129
171130
171201
171202
171203
171204
171205
171206
171207
171208
171209
171210
171211
171212
171213
171214
171215
171216
171217
171218
171219
171220
171221
171222
171223
171224
171225
171226
171227
171228
171229
171230
171231
180101
180102
180103
180104
180105
180106
180107
180108
180109
180110
180111
180112
180113
180114
180115
180116
180117
180118
180119
180120
180121
180122
180123
180124
180125
180126
180127